A DL_Poly CONFIG file generated from a gulp output file.                        
         2         3       500    0.1000000000E-03
       18.0094840000        0.0000000000        0.0000000000
        0.0000000000       18.5302320000        0.0000000000
        0.0000000000        0.0000000000        6.5703090000
Sic              1
   -0.4461639888E-01   -0.6006729230E-01    0.1308657067    
    -4.457147408        -1.834993795        -2.819702226    
    -17391.64645         9797.144181        -17499.88069    
Sic              2
    0.3782326772E-02    -9.058634403         3.277390927    
    -4.720230629        -2.726344539         3.210153633    
    -8149.261068        -5584.237555         38083.30046    
Sic              3
    -8.955817113       -0.1558349485         3.083348280    
    -5.378863196        -2.237021232        -1.050087648    
    -25256.29001         11428.91158        -2184.016569    
Sic              4
     8.937750080        -9.202380313        0.1374142816    
     1.630882901        0.2441789123         3.194540220    
     7470.543499        -14012.41023        -23705.48275    
Sic              5
     4.369536290         4.769425225         1.709622537    
     3.662813068        -2.303522596        -5.674773450    
     13603.49239         3664.847514         22623.82940    
Sic              6
     4.482028817        -4.490710307        -1.530135783    
    -4.496793836       -0.6369410814         1.819919398    
    -24907.16929        -18057.79476        -2239.888166    
Sic              7
    -4.167469364         4.745050157        -1.662043758    
     6.451167844         1.717081317        -3.301500845    
    -57977.67407        -30069.68651         19124.19973    
Sic              8
    -4.607059815        -4.488839011         1.672997949    
    -1.014285743         10.29272127        -2.862775978    
    -16679.41912        -25401.62942        -26566.42274    
Sic              9
    -6.279652426        -5.338201473        -2.536067606    
     4.398136953         4.102497558        -2.560123952    
     24802.68741         808.6736196        -4167.609091    
Sic             10
    -6.142877898         4.006015809        0.6871895962    
     1.358319338        -6.911597623         4.176933877    
     82218.21683        -10789.42400        -4868.108440    
Sic             11
     2.799607852        -5.184534343        0.8248052606    
    0.8621577179         11.36397141         3.001454407    
     49334.69542        -30516.55071        -10283.26839    
Sic             12
     2.666778444         3.883742291        -2.373595099    
   -0.3004967931         3.034747136        -6.084784169    
     41557.28817        -12678.96544         12235.62914    
Sic             13
     6.210275876         5.379783203        -2.544328699    
    -1.694017408        0.3576592149         8.972983255    
    -58159.30438        -17855.76610         26796.51210    
Sic             14
     6.257619705        -3.883432848        0.9749269687    
    -13.98140594         10.61440434       -0.9494086723    
    -41080.65339         2297.820020         590.7303183    
Sic             15
    -2.571630459         5.273988291        0.8827194522    
    0.8123606122         2.063576450         2.848807622    
    -52492.37623        -31174.22896         3172.169291    
Sic             16
    -2.797307805        -4.113682387        -2.496356225    
     1.082133835        -12.81542404         1.254680921    
    -23593.93133         11556.78144        -1530.670646    
Sic             17
    -7.247622205         8.379127090         2.437194822    
    -1.672722890         7.546138327        0.2463767839    
    -13731.25689        -21425.78851        -20454.58671    
Sic             18
    -7.242440688       -0.7331286057        -1.068241701    
     7.626131681        0.5987150880        -2.667499228    
    -45771.96204         9153.524973         9931.440171    
Sic             19
     1.720380769         8.516478846       -0.9774535253    
    -7.135040884        -3.145660269         3.280467859    
    -51210.46769         2753.726881        -1897.811377    
Sic             20
     1.788849885       -0.5658438895         2.499803033    
     2.210402902        0.5181044217        -2.142016576    
    -45816.66350         11645.74369         23578.51757    
Sic             21
     7.178710880        -8.578096446         2.506770266    
     5.979470484       -0.4024365888         1.202731838    
     7702.088853         10517.42201         11403.49810    
Sic             22
     7.358701325        0.8047385124        -1.024552670    
     1.694131634         13.49974400        -4.435136934    
     54877.73158        -15047.22950        -5527.339027    
Sic             23
    -1.841301209        -8.570135161       -0.7849506742    
     7.987896220         1.433014941         3.514031591    
     74452.53315         9508.619039         34783.46528    
Sic             24
    -1.809473323        0.5083729451         2.516570498    
     2.603147910        -4.210822620         5.005667917    
     29253.41328         29130.59881        -6567.771161    
Alc             25
    -8.334504174        -7.756590124        -2.488988886    
    0.7793129331        -4.944115486         11.19171610    
    -9854.246101         22416.64390         10957.10369    
Alc             26
    -8.196008569         1.808889525        0.5061568790    
    0.2914075499        -4.061391150       -0.8724925705    
    -8997.009857        -50520.30408        -11017.68118    
Alc             27
    0.6802206334        -7.571550800        0.7848442182    
    -7.262810686        -3.565303902       -0.2611329730    
    -3477.117396        -9255.046887        -25280.99467    
Alc             28
    0.4719318579         1.683251170        -2.422071835    
    -1.346930169        0.2093094044         7.825306157    
     24821.72857        -15269.18706        -26581.55726    
Alc             29
     8.411498897         7.518166706        -2.372511750    
     2.149749992        -8.487174250       -0.2771241152E-01
    -11307.85370         28502.87243        -22057.75546    
Alc             30
     8.373839139        -1.704774927        0.6710970089    
    -1.817722452         8.590041758        -5.463992636    
     6654.790573         17807.49199         14113.06348    
Alc             31
   -0.5329908345         7.587470461        0.7802333164    
    -11.29611602         2.300031987        -7.430397113    
    -6258.710899         17341.34673        -23476.18781    
Alc             32
   -0.5502897368        -1.807788109        -2.345712747    
    0.6377926430         2.155208761        -4.908209477    
    -24441.03567         13028.36986         2367.775454    
Alc             33
    -5.315501785        -2.985966448       -0.9336488237    
   -0.8773924148       -0.5271455072         1.427121015    
     34378.85752        -7801.367523        -17372.17918    
Alc             34
    -4.994088510         6.270343741         2.426998903    
     4.352926078       -0.7051475445        0.6556497449    
     20360.36628        -17147.28168        -2909.964195    
Alc             35
     3.943032301        -2.847282260         2.437063033    
     1.375844560        0.9338609463        0.9154699095    
     1202.334196        -2053.658766        -4168.315231    
Alc             36
     3.853146502         6.342730627       -0.7635969923    
     1.540389173         2.137022617        -2.278730849    
    -37257.86821        -57066.02642        -2695.449328    
Alc             37
    -4.002708378        -6.367474503       -0.8589374334    
    0.7907902551       -0.1121081515        -2.773746785    
     8572.571938         26032.17978         8791.122477    
Alc             38
    -3.786574755         2.811485444         2.307868708    
    0.3831516153        0.8159303628E-01    -5.038115735    
     13567.31306         21473.41291        -7411.421085    
Alc             39
     5.099406099        -6.269930591         2.569302842    
    -5.148320709        -1.494728774       -0.7864595799    
     7284.931051         13139.33834         6457.636399    
Alc             40
     5.186733766         2.943707670       -0.8850078057    
   -0.5258669538        -3.211071018       -0.3982991351    
    -11885.63250         43000.08703        -32388.03721    
O2c             41
    -8.658135547        -7.973806101       -0.7895617149    
   -0.9677346174         1.535513542         10.01667852    
     6569.699840        -7805.189516        -17707.58858    
O2c             42
    -8.731766802        0.9740667588         1.943199643    
    -8.564192706        -4.923560279        -5.365104169    
     3295.180369        -13323.34425        -3191.078279    
O2c             43
    0.5706324956        -7.725977923         2.476165963    
    -3.104336984        -2.322335419         1.971575028    
    -27886.86962        -54812.00999         6697.585852    
O2c             44
    0.1485423004         1.179979492       -0.9142538003    
    -7.609353833        -2.638916870        0.6709649080    
     15170.22327        -22096.70718        -5466.394292    
O2c             45
     8.750835929         7.989298460       -0.8184451817    
    -7.295676689         5.010159523        -2.546812554    
     5041.111044         46606.83472         6435.033507    
O2c             46
     8.549400836        -1.581155507         2.456367623    
     9.679602748         8.761881274       -0.6853534500    
     17173.14172         39344.07902        -12526.95970    
O2c             47
   -0.3604424611         8.132612072         2.378264387    
    -4.617492359         1.382116824        -8.793585657    
     7230.162704         49006.53638         26581.21294    
O2c             48
   -0.2309127353        -1.522150572       -0.6301821963    
    -3.777313049         1.722322126        -1.860016989    
     9650.546482         38273.74995         2854.543215    
O2c             49
     3.696657566         6.069453287        0.9899763919    
    -4.997629200       -0.7901547949         3.737720035    
     25146.19550        -41974.33900         2095.094153    
O2c             50
     4.026202261        -3.322581594        -2.531342900    
     8.140060922         8.638352984         2.552775460    
     27582.62963        -19048.29401        -685.3733691    
O2c             51
    -4.499276231         6.066868881        -2.484697946    
     4.212404787         2.649137856         1.001863572    
    -15143.34997        -27243.84142        -9693.606214    
O2c             52
    -4.840289056        -3.287986723        0.6274950597    
     2.468833912        -19.20947069         1.778894035    
    -10482.62148        -18145.41549        -9687.964120    
O2c             53
     5.002865962         3.833740021        0.5924846153    
     8.410828155         16.07321731        -10.17313588    
    -23914.79513         20739.60701         1113.045552    
O2c             54
     4.744909852        -5.854401903        -2.369200238    
     9.516584300         5.559419588         5.040659200    
     3728.662670         33316.26855        -9367.516210    
O2c             55
    -4.035235058         3.394560655        -2.630755028    
     1.433081833         2.377924199        -10.08352807    
    -4358.143698         18891.37185         11415.45630    
O2c             56
    -4.611909602        -5.821597519        0.6747064666    
    -13.11502521         3.449722488         5.067876026    
     10378.12653         24104.52849        -27483.57063    
O2c             57
    -7.703865583        -6.102394726        -2.741763042    
    -2.231838945        -2.670878998        -4.497203029    
     3507.886041        -2559.676413         11703.36989    
O2c             58
    -7.708073542         3.479486383        0.5369950583    
     13.12164944         4.680963276        -7.941751186    
     21339.95025        -16091.97573         12566.83752    
O2c             59
     1.360643125        -5.967170358        0.7279843615    
    0.3896547129        -5.848420731        0.6839069264    
     13516.37606        -10364.77878         17505.28972    
O2c             60
     1.119781283         3.333445112        -2.308316516    
     2.382336506        -7.354827845         9.018343162    
     12913.95081        -14772.73445        -12824.72212    
O2c             61
     7.762750787         5.954094688        -2.593560998    
    -21.10354437        -5.143195646        -9.459382919    
    -16644.82316        -12081.45143        -5330.332733    
O2c             62
     7.781819933        -3.354080970        0.7095598139    
    -8.106666525         4.710401010        -4.833119521    
    -16784.84370         11438.02194        -2516.141948    
O2c             63
    -1.026850943         5.791792930        0.9890743291    
   -0.4584513835        -4.609027511         7.152628624    
    -14714.27757         10531.63804        -5106.738750    
O2c             64
    -1.246373432        -3.515098914        -2.501545329    
    -2.601747836         6.162799999        -7.515922900    
    -19183.56163         9573.292245        -39180.46989    
O2c             65
    -5.747155931         7.734015929         2.142395837    
     2.764054205        -13.95453760         6.249786535    
    -1749.957487         21184.87193         15452.55716    
O2c             66
    -5.748175050        -1.261155049       -0.9740728045    
    -5.354594904         4.923916467        -1.431175159    
     4931.222787        -35236.39923        -7268.077441    
O2c             67
     3.225713785         7.858529415        -1.054297599    
    -8.716834380         5.428030435        -5.914667446    
    -26015.22925         9981.618326        -17498.22070    
O2c             68
     3.253599484        -1.167549871         2.294479911    
     4.626322353         4.907346739        -3.050595363    
    -27254.67437        -15453.50806        -18343.55627    
O2c             69
     5.670814628        -7.923514681         2.398048948    
    0.4991143568        -19.13190655        0.4777936074    
    -1896.318136         24571.84180        -11200.65562    
O2c             70
     5.836331395         1.338573079       -0.9307749780    
    -2.300152540        -11.65103327        -6.918117418    
    -2574.663670         12419.88548        -10371.15676    
O2c             71
    -3.354600988        -7.981659043       -0.6359127734    
    -4.638065386        0.6154011279        -2.350695232    
     21469.70695        -1202.710463        -7901.621945    
O2c             72
    -3.387566053         1.053877350         2.359835531    
    -4.353095274        0.6921455636        -3.541437632    
     18815.13409         5094.771071         17095.38796    
O2c             73
    -7.313719876        -8.935957510        -3.108618265    
    -12.62219539         1.869465686         2.963828569    
    -20923.40859         29040.97097         25870.90025    
O2c             74
    -6.994193153        0.7333750467       -0.3694751979    
     3.649614071         2.268977475        -8.673157421    
    -64630.17977         9753.209530         13344.34982    
O2c             75
     1.737058689        -8.688305498       -0.4217300902E-01
    0.5297934979         4.652638785         3.898351747    
    -59098.11680         26362.44497         4470.325180    
O2c             76
     1.819516181        0.8462462619        -3.212467437    
    -3.264244287         2.744717434         4.659395140    
    -48359.69597        -14599.95286         23320.12320    
O2c             77
     7.221221781         8.625792780        -3.078504143    
     1.565902149        -2.458786399        -9.743431341    
     28679.78668        -13010.95618         22077.03668    
O2c             78
     7.432620413       -0.4417452356        0.4361549830E-01
     18.34177670        -4.052186039       -0.1570151603E-01
     46325.69125         4495.529725        -20578.23638    
O2c             79
    -1.784970985         8.524867703        0.2604745831E-01
     13.26585412        -5.013952096        0.2653621701    
     69391.22972         32513.84587         3963.828829    
O2c             80
    -1.732918038       -0.7350617801        -3.047065305    
     6.885829836        -11.33474149         8.413469620    
     42072.16936        -9967.086324         29080.99972    
O2c             81
    -6.434265368        -4.123674117        -1.478402780    
     6.460907419        0.1963558788        -7.104342684    
     55745.79414         35007.95864         21911.31339    
O2c             82
    -6.064857482         5.221026707         1.737371695    
     3.414783610        0.1642393883        -2.853934496    
     43218.66925        -9932.025796         11403.85769    
O2c             83
     2.747239377        -3.800425693         1.659297520    
     8.236870248        -4.525938039        -5.947130370    
     44925.21116         7820.353650         12801.54525    
O2c             84
     2.675521540         5.260961983        -1.562076857    
    -7.572560262        -4.962945035        0.7134800829    
     62129.66955         4796.222086         19737.65311    
O2c             85
    -2.726594563        -5.407016098        -1.491633833    
    -8.282027103         8.311655467        -13.44175275    
    -67133.10720         509.7663614        -10471.67150    
O2c             86
    -2.508044436         3.813941018         1.632360109    
    -11.36056806        -10.87136742         6.582636085    
    -59917.20374         9415.421815         4335.500356    
O2c             87
     6.257454391        -5.177782158         1.939613538    
    -6.086162488        -7.771185434        -6.642777782    
    -72410.67007        -17045.09349         13100.42428    
O2c             88
     6.254243172         3.824805437        -2.041905652    
    -12.86431155         3.770159320        -8.850809660    
    -66122.59150         6742.319261         12797.77902    
O2c             89
    -5.225347863        -6.474419632        -2.003694536    
     3.110296164        -6.715884970        -7.861260792    
     4405.680088         42019.02651        -23122.13470    
O2c             90
    -5.061314852         2.829971376         1.257321681    
     7.580199125         2.936660997        0.5551486415E-01
    -31075.38948         63997.53021        -43130.19277    
O2c             91
     3.850825187        -6.270657993         1.532359333    
    -1.178975934         11.28843734        -1.980656574    
    -14648.37638         43422.50727        -39781.06862    
O2c             92
     3.622662357         2.773212860        -1.672736446    
     7.736588478         5.961673711         2.359003954    
    -25845.34353         40362.25984        -38873.89470    
O2c             93
    -3.793947583        -2.913629778        -1.968697342    
    -6.844562595        -4.019810570       -0.6053495737    
     8982.463185        -78313.32029        -23676.43631    
O2c             94
    -3.534117466         6.441383601         1.465856942    
    0.4979404197        -3.773196042        -5.671806538    
    -9522.934773        -53446.16124        -27753.69070    
O2c             95
     5.590630051        -2.600190040         1.733782497    
    -1.322005338        -3.764633174       -0.3418124611    
    -19947.23739        -50624.77666        -24598.37493    
O2c             96
     5.311986867         6.383660070        -1.514760936    
    -3.047111243        -1.490982813        0.2020291075    
     1346.086782        -75378.55742        -43080.49354    
O2c             97
    -8.308474067         7.197949685         2.965403369    
     1.158342552         7.817686127        -12.53940308    
     38417.76831         54169.10492        -31554.54634    
O2c             98
    -8.129163973        -1.869572402       -0.2033931737    
    -3.147518636         11.85510824        -2.981680075    
     4286.616321         52346.28627        -42736.31728    
O2c             99
    0.8745978784         7.341201369       -0.2409473759    
   -0.2859049369         8.626417657         5.493704373    
    -4042.561987         42068.76485        -29701.91561    
O2c            100
    0.8099015285        -1.630876156         3.277887421    
    -6.457454042         5.667200219        -2.042503843    
     25298.41203         52446.91490        -50023.50205    
O2c            101
     8.170753738        -7.530746635         3.187681867    
    -4.046869530        -8.085977569        -5.812332999    
     35662.39677        -8216.010420        -15911.08725    
O2c            102
     8.400734253         1.957634893       -0.5319057315    
     2.721006729        -16.60540486        -2.434188572    
    -7572.896905        -58933.78056        -11511.19663    
O2c            103
   -0.8915141145        -7.475705663        0.2657604268E-01
    -1.386429618        -5.577415169        -1.705437033    
     13166.59088        -62759.71386        -28250.35521    
O2c            104
   -0.8464957299         1.779760924         3.004251876    
     8.676619907         2.144389559       -0.6501575186    
    -10727.23716        -41288.18027        -4311.870097    
O2c            105
     3.452328954         4.069076815         2.798126544    
     4.937231668        -5.225677039         23.55015007    
     33941.31034        -13970.15744         5091.104942    
O2c            106
     3.037720017        -4.875602574       -0.7946454456    
     3.559233641         4.361293319       -0.2535207806    
     75178.35384         3463.431831         25853.24419    
O2c            107
    -5.674725416         4.504106871       -0.8306631045    
     5.061907042         4.925472293       -0.3687637290    
     60043.11757        -20250.13768         22820.13507    
O2c            108
    -6.015638145        -4.635238672         2.559341149    
     15.02782168         8.156267211         3.036897347    
     33030.21558        -3247.437482         21437.81530    
O2c            109
     5.683225248         5.382508755         2.545568098    
    -10.84728155         8.468145507         11.48231133    
    -46803.40536        -16286.07355         2858.355276    
O2c            110
     5.667477959        -4.287918576       -0.4821320922    
    -1.425980113        -8.409350602         17.82996327    
    -69930.45993         15330.39664         26161.40281    
O2c            111
    -3.002721761         4.831615060       -0.6151767319    
    -4.716423540        -2.643971522        -3.735087607    
    -42348.77846        -12831.64717         30769.87295    
O2c            112
    -3.272808156        -4.474659757         2.530369772    
    -10.10481969        -3.114925373         13.94276715    
     931.8688913        -1006.531194         37039.30830    
O2c            113
    -7.678289897         8.948357478        0.9635562633    
    -1.531228788        -1.627916899         12.96171438    
    -7859.963754         17212.24897         4011.390210    
O2c            114
    -7.649907237       -0.5211798613        -2.646351091    
    -9.279908189        -3.581570970        -6.369939113    
    -24743.43195        -5872.974871         39787.90217    
O2c            115
     1.312317335         8.948823317        -2.464550740    
     6.224177365        0.7975487679         7.643639333    
    -67282.72644         9269.669852         23372.95618    
O2c            116
     1.220800363       -0.1505789939         1.095083493    
     3.428058456        -6.170449254         15.39898746    
    -5586.075572        -9626.629137         10402.40096    
O2c            117
     7.553144484        -8.819648596        0.9552794190    
    -8.228482230        -10.83990950         1.486522053    
     32156.11247         11404.53680        -2609.843253    
O2c            118
     7.726893753        0.3495894286        -2.615504848    
     3.207924189         5.257123846        -1.141356808    
     39978.54610         14045.10670         27517.75350    
O2c            119
    -1.277136513        -8.676611961        -2.238913759    
     12.93997756         4.037371525        -6.509148477    
     63007.69155        -5919.913619         2477.741446    
O2c            120
    -1.482760995        0.1769630725        0.9393219776    
    -4.797447239        -3.494502411         4.888245596    
     33233.26240        -1116.112901         2724.785876    
Nac            121
    -5.186926722        -8.665917671        -2.513046945    
     2.168662635       -0.5927276504         2.555910418    
     5709.554435         1999.007653         3764.450482    
Nac            122
    -4.939261634        0.2657733362        0.6001956403    
     3.943036560       -0.3398890091        0.8504331997    
     5087.873061         5639.773426         5202.188057    
Nac            123
     3.997881537        -8.810315696        0.6442067372    
     1.483200529         2.660636947         3.137419466    
     1269.109580         7219.856528         6649.524544    
Nac            124
     4.036687235        0.7797935239        -2.601806258    
    0.7680780217        0.2077600362         1.523226317    
    -4210.796631         2417.348311         222.2313877    
Nac            125
     4.896940810         8.616612598        -2.367938747    
    -1.663069950        -2.475888633        -3.318507424    
     3062.288552        -532.5320477        -6961.731317    
Nac            126
     5.071944502       -0.6405112859        0.8313996273    
     5.184445398        0.3467379046        -5.617451677    
     126.1132942        -302.6524996        -4736.542114    
Nac            127
    -4.068824486         8.903518009        0.9554398875    
     3.808109250         3.316541593       -0.8956323448E-02
    -77.38714889        -4472.130470        -2676.258887    
Nac            128
    -3.820260044       -0.5111032410        -2.171418181    
    -7.049222137        -4.947052600         4.093724788    
    -1425.114596        -5236.989074        -3735.695351    
Nac            129
    -8.701522344         5.167273300         2.428751172    
    0.1961856429        -2.751264127        -8.959023786    
     1804.897195         389.7047422        -8361.912227    
Nac            130
    -8.654061235        -3.975145248       -0.8126344451    
    -3.999318823       -0.9779856887        -8.903235443    
     3089.417458        -4805.639053        -4584.875939    
Nac            131
    0.3383553322         4.923636645       -0.3942426192    
     5.445617313        -8.642036752        -1.443353396    
     10275.63607        -3840.287801        -8451.604945    
Nac            132
    0.6050749650        -3.734853908         2.311762212    
     3.850507839       -0.8557892177        0.5826778192E-01
    -4992.142625        -2998.918455         3274.562221    
Nac            133
     8.558066828        -5.593926807         2.307383467    
   -0.3588077131         6.411595910         1.465814187    
     1431.887567         6847.580760         1933.790555    
Nac            134
     8.725571106         4.303934731        -1.194569157    
     5.026814847        0.9624494334         1.264064687    
    -2653.678752        -5402.208125         4168.523344    
Nac            135
   -0.5610822678        -5.296110488       -0.7023408016    
    0.9669189246       -0.8888384988        0.9829922056    
    -1155.923120        -2988.949989        -3269.041322    
Nac            136
   -0.6928051825         4.046290288         2.969302340    
   -0.4485899407         5.275139924         7.556695220    
     964.6591838        -4267.854997        -5853.817879    
O2s            137
    -8.662554558        -8.087874980       -0.8106730759    
     83.70142185         83.17084980        -19.22624613    
    -6169.413291         24152.06813         21215.22501    
O2s            138
    -8.704104068        0.8969904746         1.975988585    
     52.27643325         5.456207242         31.94583301    
     9775.293615         24413.03727         11489.84001    
O2s            139
    0.4983506908        -7.911161723         2.457823947    
     91.09553840         34.63540397        -30.55121879    
     22811.00355         46101.95083        -5357.203125    
O2s            140
    0.1865806443         1.069321400       -0.9401588531    
     50.66154823         20.67358147        -3.044896186    
    -23145.76770         13784.77294         44019.75528    
O2s            141
     8.749083812         8.139437042       -0.8416939669    
    -60.22083287        -34.73641708        -12.85431036    
    -1343.485548        -52973.81652         14151.85590    
O2s            142
     8.611384744        -1.400391689         2.409620984    
    -39.92060330        -25.75782502        -10.30018720    
    -16072.91157        -45855.91167         1334.995225    
O2s            143
   -0.3408600503         8.276649275         2.390605175    
    -47.69440049        -4.228497760        -31.18502724    
    -10558.95358        -56583.74558        -27333.90299    
O2s            144
   -0.2258659850        -1.365433804       -0.6482357163    
    -35.91640112        -4.655391989        -38.17336430    
    -8003.086075        -42946.73096        -8617.868556    
O2s            145
     3.793012616         5.901015956        0.9719385486    
    -73.07889464        -12.99152789        -30.85647669    
    -32374.66431         62934.12322        -7682.160522    
O2s            146
     4.103080494        -3.424748905        -2.536726850    
    -66.57352766         15.69985232         30.67792610    
    -29703.57489         45679.39328         12847.49401    
O2s            147
    -4.515603304         5.898565310        -2.509753362    
    -29.08361477         6.168880272        0.3484162103    
     21653.64672         48331.84677         3547.677737    
O2s            148
    -4.876034021        -3.399886859        0.6216635199    
    -40.80684007         29.23417076         10.07355869    
     17204.50708         41380.95852         49043.54227    
O2s            149
     4.919791265         3.901363652        0.6258097295    
     48.30908209         6.469373271         5.136189125    
     41746.69863        -49397.07776        -8169.412872    
O2s            150
     4.756541024        -5.709823187        -2.398831847    
     46.08010092        -22.87580886        -6.611071377    
     5536.233375        -53598.91846         19389.72578    
O2s            151
    -4.017679268         3.494607603        -2.612719202    
     69.21022937         24.16174336        -5.592233397    
     12242.97240        -17044.10193        -7031.779461    
O2s            152
    -4.552036172        -5.717453868        0.6380658049    
     32.15611763        -32.15428657        -11.46493204    
    -5949.102496        -37173.66610         54542.42377    
O2s            153
    -7.606147606        -6.110714478        -2.690226139    
    -52.16204250        -24.11835096         33.53676232    
    -7378.912916         6571.136766        -7773.868944    
O2s            154
    -7.578161054         3.416127317        0.5679314259    
    -10.98765927         13.99564432         13.78414179    
    -24566.65026         31140.82887        -10340.59899    
O2s            155
     1.461960302        -5.988379497        0.7709902231    
    -36.84672466        -43.30757081         35.84140724    
    -22605.39022         36587.94462        -17172.04015    
O2s            156
     1.231058936         3.296901002        -2.344726437    
     5.916514875        -11.08461398         12.41979650    
    -26098.05941         39125.29141         8494.510082    
O2s            157
     7.664236158         5.967321964        -2.583353918    
     43.33486890         17.94738857        -35.52835818    
     18711.12811        -6381.548053         14534.31404    
O2s            158
     7.664379597        -3.310671541        0.7199390693    
     62.96461384        -7.947195010         36.41944665    
     24041.14168        -29397.53162        -7082.877664    
O2s            159
    -1.156840273         5.827329727        0.9569953215    
     26.35697449         6.928768043        -4.283768860    
     24542.55629         7931.668019         9137.256419    
O2s            160
    -1.359762312        -3.486449981        -2.550758903    
     33.77992060        -36.30768056         10.51435598    
     37594.17638        -7204.516985         50454.21181    
O2s            161
    -5.818149658         7.743105488         2.222184609    
     48.29158149        -27.48276949         37.99490438    
    -9739.006760         15609.54615        -2621.101367    
O2s            162
    -5.852393593        -1.332952283       -0.9883350341    
     66.94435119         2.534378695         14.42535966    
     17237.63989         40673.14198         7680.863033    
O2s            163
     3.116210983         7.852240195        -1.050367543    
     22.38788988         4.461384337         35.42482439    
     38202.67308         31735.24642         23543.14245    
O2s            164
     3.111219239        -1.196502197         2.301235153    
     37.65788807        0.8456520321         28.83425249    
     65201.28997         14035.48600         31316.90528    
O2s            165
     5.765808824        -7.870292070         2.405866781    
    -68.43856287         25.35513033         31.62343937    
     10413.90048        -53124.61539         23155.34857    
O2s            166
     5.931433866         1.394294845       -0.9517793601    
    -24.28239884         13.34792287       -0.7599328736    
    -10420.41363        -23618.72257         18907.18831    
O2s            167
    -3.230650678        -7.967926683       -0.6704472635    
    -55.37482355        -1.056373099         20.07343563    
    -40516.14963        -15240.71070         3603.632917    
O2s            168
    -3.258310837         1.093216015         2.402036182    
    -25.78401998        -2.013104204         3.948199374    
    -19648.56840        -8610.378824        -8639.859016    
O2s            169
    -7.374260752        -8.938724736        -3.125677999    
     109.2993232         45.67554491         73.30337957    
     46490.89380        -41059.84674        -26245.37444    
O2s            170
    -7.141389434        0.6661830748       -0.3608952185    
     128.6846589         45.02768264         37.57116692    
     76220.76836        -4234.712613        -5332.963404    
O2s            171
     1.620496605        -8.714850854       -0.6165309937E-01
     82.75931709         54.34106829         82.24402078    
     97797.95626        -35907.77069         10996.01901    
O2s            172
     1.709519735        0.7432579380        -3.205406068    
     107.0495067         49.23145903         51.15025832    
     77072.60573         12108.21477        -28941.47755    
O2s            173
     7.302428781         8.663608713        -3.096096476    
    -61.93796351        -48.57897490         45.86666997    
    -43027.85922         16687.47027        -37879.79717    
O2s            174
     7.530127342       -0.4109273597       -0.3973143261E-01
    -61.49188847        -21.42779437         68.03030378    
    -82824.53985        -7207.861063         15715.09583    
O2s            175
    -1.638253249         8.639868213        0.1718970792E-01
    -70.00944400        -24.48821075         81.37644106    
    -105858.4632        -51492.20134        -2273.221131    
O2s            176
    -1.635000157       -0.6838280610        -3.055802020    
    -66.17524862        -42.97348964         97.72628577    
    -62836.44209         2686.988743        -30030.71727    
O2s            177
    -6.293114318        -4.111548940        -1.506715578    
    -94.30412539         26.28726078         55.55282509    
    -102551.4009        -52721.36654        -33831.57458    
O2s            178
    -5.960573175         5.158750713         1.708045006    
    -111.4255054         17.36142073         71.29161796    
    -93939.88903         1895.159763        -13839.32898    
O2s            179
     2.858026773        -3.863023716         1.652966033    
    -104.0427082         44.57931384         65.41028832    
    -74713.86147        -11369.39065        -19894.41527    
O2s            180
     2.805788588         5.183148819        -1.569601503    
    -72.01663707         41.35823751         62.79390232    
    -89866.08791         8906.887056        -15608.29386    
O2s            181
    -2.882257366        -5.351029292        -1.551263224    
     82.76288172        -37.93931849         58.36749551    
     104344.6691         2432.638247         7642.395859    
O2s            182
    -2.647608604         3.910053470         1.631572035    
     76.17792285        -35.99307189         83.53866508    
     85385.21053        -6876.218948         10973.11900    
O2s            183
     6.110618693        -5.142072355         1.903772456    
     56.58041451        -33.11863001         45.84934578    
     123378.0632         28641.51822        -20260.26548    
O2s            184
     6.124529233         3.929758937        -2.000262278    
     46.07135542        -99.54819037         20.61982381    
     101456.3775        -11021.10741         6081.839123    
O2s            185
    -5.244396324        -6.328482529        -2.006357065    
    -15.30685714        -100.9782313         68.46888134    
    -29853.13255        -60620.60780         13728.77783    
O2s            186
    -5.120548296         2.989771124         1.234604324    
    -61.23352018        -92.73105498         51.56991602    
    -10703.40936        -88585.68907         44360.52288    
O2s            187
     3.823229018        -6.134775410         1.495295508    
    -30.71139372        -105.3916897         50.24307920    
    -26271.78509        -53340.00012         24779.53974    
O2s            188
     3.578436335         2.913937573        -1.744276294    
    -11.95624880        -106.4743441         51.80279044    
     32256.42150        -74203.99865         69167.59019    
O2s            189
    -3.754029865        -3.116392265        -1.996745663    
    0.6337999740         102.9452070         62.89496767    
    -16302.26411         102775.9446         40076.00308    
O2s            190
    -3.522078203         6.262844300         1.429546607    
     39.83302732         96.40992041         45.57126838    
     21349.70962         82876.84141         45750.13707    
O2s            191
     5.541678761        -2.783771954         1.659156468    
     33.60182525         64.19161590         55.29967150    
     10343.21655         67635.76390         33917.55450    
O2s            192
     5.283965865         6.216144994        -1.593330152    
    -6.817117098         91.49156045         76.15513421    
     45815.35099         102427.2330         40381.11835    
O2s            193
    -8.218698897         7.364848185         2.936437959    
     15.66314063        -135.6592353         21.22186807    
    -35286.51498        -51636.92933         47647.96115    
O2s            194
    -8.135807159        -1.716852360       -0.2880005726    
     4.245455825        -107.5762724         46.80160651    
     3874.576923        -60239.56824         46040.16174    
O2s            195
    0.8760862877         7.511393174       -0.2828681720    
     66.76023275        -69.23004457         63.63107772    
     2655.434124        -62440.55991         53856.32100    
O2s            196
    0.8500717535        -1.504394326         3.203447289    
     82.68022241        -106.4464059         77.72294689    
    -15400.05743        -87799.39462         54321.21425    
O2s            197
     8.203511518        -7.639871681         3.135757651    
    -3.065038817         92.49452252         43.12130253    
    -38660.76038         14576.52271         21636.51123    
O2s            198
     8.357279618         1.781990966       -0.5373417511    
    -66.37082332         76.95378938         14.40162593    
     3620.042519         95238.84504         16713.23397    
O2s            199
   -0.8640217776        -7.636377334       -0.3280263583E-01
     8.312310314         103.6917203         61.15518608    
    -25227.47893         91607.78875         43583.87685    
O2s            200
   -0.8809338716         1.630561214         3.031704945    
    -15.84599703         97.75679973         53.56737038    
    -5880.559558         47572.59781         7848.569102    
O2s            201
     3.500865649         4.107788868         2.797284070    
    -61.64743707        -14.25401312        -85.33041459    
    -76195.31498         13652.66048        -32248.78931    
O2s            202
     3.238014383        -4.860073896       -0.6813435069    
    -80.89284142        -2.163428716        -104.1504063    
    -105851.3972        -477.8306776        -23513.50986    
O2s            203
    -5.545118036         4.446616482       -0.7334405120    
    -75.15561111         28.23880287        -76.18753961    
    -86986.18779         26614.44117        -39919.41305    
O2s            204
    -5.877905262        -4.684218114         2.638069903    
    -82.74608316         49.37394082        -87.11752392    
    -36960.06372         2557.572462        -31691.60825    
O2s            205
     5.579866065         5.312834366         2.626134927    
     26.92763627        -3.281533234        -85.65482088    
     69067.89859         32679.28679        -41982.73183    
O2s            206
     5.509561268        -4.243179686       -0.4222088281    
     62.85863222        -4.450760523        -78.50744602    
     115247.8605        -10624.03692        -36586.79670    
O2s            207
    -3.134212193         4.851022564       -0.5656439437    
     97.99031692         27.19109181        -110.7710075    
     93896.08686         23611.78186        -58024.63532    
O2s            208
    -3.364383310        -4.449184182         2.611385530    
     94.91927356        -9.257404760        -83.81176278    
     18044.50080        -3666.000709        -55537.57586    
O2s            209
    -7.758957325         8.955372712         1.025063787    
     109.2188933         4.295787581        -75.83247858    
    -5.042770517        -17395.36870        -3536.308424    
O2s            210
    -7.777718981       -0.5096844786        -2.538167371    
     66.89137339        -25.83342868        -129.5086112    
     51029.95106         7182.786442        -43242.82391    
O2s            211
     1.149689484         8.966378355        -2.363812935    
     86.37403140         12.99989066        -80.61603894    
     103625.4664        -14524.64315        -47833.09947    
O2s            212
     1.153985401       -0.2011305191         1.146787343    
     119.6022743         20.10118763        -88.62610347    
     15851.79748         15521.47437        -38509.84297    
O2s            213
     7.684983061        -8.817347486         1.034218126    
    -97.81528453         30.49437683        -35.35481486    
    -31986.92913        -28947.92215        -4283.356962    
O2s            214
     7.854983027        0.3697394215        -2.526818928    
    -62.75907230         21.69712221        -65.66952771    
    -61621.70830        -15294.03830        -25692.58121    
O2s            215
    -1.167288752        -8.704008846        -2.173215319    
    -52.52064003         26.27479938        -95.55619499    
    -86017.29940         243.9835734        -59903.71649    
O2s            216
    -1.345068236        0.1765450997         1.014206656    
    -90.82306344         7.204522765        -98.46589300    
    -36009.20593        -11367.07354        -4055.382912    
O1c            217
    -7.728527151         3.448683703        -2.835281014    
     14.52128657        -2.357690707       -0.9061413939    
     7500.765203         9153.594248        -784.3251934    
Hc             218
    -6.897265416         3.623755332        -2.387984687    
    -20.62303993        -42.43235352        -52.58517775    
    -11759.03321        -6479.383083        -9278.467215    
Hc             219
    -7.214972962         2.679177027        -2.944727298    
    -14.44579206         34.87634230         5.311265473    
    -4729.205706         9862.844466         3384.851820    
O1s            220
    -7.740562098         3.465250986        -2.836224133    
    -8.993560446         1.487737926         2.750572139    
     13052.47507        -12192.39955         9189.731514    
O1c            221
    -7.850286477        -5.802375281        0.4753248886    
     6.495523255        -10.71007817        -10.71964223    
     4274.127461        -35299.69227        -16115.51140    
Hc             222
    -6.915925732        -5.723105436        0.5056030004    
    -20.49913443        -16.22787784        -2.071385849    
    -7561.487359        -3699.742351        -263.7610623    
Hc             223
    -8.049924504        -6.750628930        0.3481729452    
     59.55536434         14.80713787        -14.07760451    
     9117.198014         19563.09753        -42.53953838    
O1s            224
    -7.860527364        -5.809844370        0.4707246123    
     3.982211324        -13.96138175         3.193532806    
    -3181.399570         19532.70030         15724.09768    
O1c            225
     1.204918230         3.013537962         1.052522807    
    0.3152563636        -9.150640561        -2.219729852    
     49332.77755         1956.178619        -19276.19955    
Hc             226
     2.179432322         3.053026499         1.129301352    
     9.620708118        0.7252689677         27.01215697    
    -15599.28737        -4644.398059        -1285.875524    
Hc             227
     1.845072466         2.439843644        0.5386828414    
     7.597846815        -33.41708759         77.85906121    
    -19143.12748         15208.05242         15657.37180    
O1s            228
     1.222982850         3.024097707         1.044967326    
    -6.951569832        -26.86728427         20.51003175    
    -16693.45258        -9990.048833         4679.550086    
O1c            229
    0.7662592925        -6.089538710        -2.514387539    
    -2.999507922         1.386342795         1.554335186    
     20567.47943        -1265.507489        -24933.86218    
Hc             230
     1.678892183        -5.939844484        -2.819045115    
    -37.94847323        -25.72824607         6.851067421    
    -18496.61892        -8487.170563         6801.448876    
Hc             231
     1.032713658        -6.800110345        -3.059429445    
     40.82215782         25.51005368         2.747500760    
     3614.565053         11958.57322         9665.124546    
O1s            232
    0.7683060953        -6.078415629        -2.518090421    
    -20.44651423        0.7075541783         11.25732461    
    -278.1637072         7508.108667         14836.65286    
O1c            233
     7.959662423        -3.437492207        -2.778595035    
     4.755096492        -1.373309175        -6.606906480    
    -10501.52159        -12998.91915        -13309.55161    
Hc             234
     7.221403495        -3.220758316        -3.262680670    
     26.24189413         9.774040250         19.14605791    
    -4772.149102         7535.713255        -3023.926794    
Hc             235
     8.459642668        -2.711177514        -2.721437499    
    -14.34643631        -13.59305357        -8.400384432    
     6162.322408         18111.90586        -5036.757279    
O1s            236
     7.960108724        -3.456879292        -2.775402927    
     8.923793395        -5.019847384         15.02589029    
     9934.569555        -11084.10337         19779.84579    
O1c            237
     7.482605595         6.221304390        0.4395510553    
    -9.458748348        -1.378887501        -1.081119979    
    -24423.56235        -2606.472640         13379.20721    
Hc             238
     6.594203877         5.814737797        0.7191609686    
    -43.52086589         61.77928196        -15.70231929    
     28221.28726         15915.13203        -8571.674926    
Hc             239
     6.581111851         6.520390510        0.6327406891    
     14.92425261        -12.97685734        -6.556919820    
     18329.55300        -7761.064011        -2746.018966    
O1s            240
     7.479522752         6.214514323        0.4445675572    
    -4.379361787         7.735523757         1.268869027    
    -19218.56761        -10724.01210        -1758.422347    
O1c            241
    -1.084962200        -3.374631335        0.6541434052    
    -7.007517531         4.161048709        -3.937392586    
    -30337.03204         6805.320272         10317.91574    
Hc             242
    -2.019287788        -3.074220347        0.9129754632    
     20.12193269        0.6116446872        -3.540663005    
     32768.49995        -8155.797051        -9402.707397    
Hc             243
   -0.8683114759        -2.467290250        0.4019608017    
     15.79733974       -0.4213713006         25.02946906    
    -11979.07773        -24957.10673         9891.091640    
O1s            244
    -1.088674787        -3.385408394        0.6631408227    
     12.05618628         2.599520737         10.97672480    
     6983.099649         21995.10796        -7670.728372    
O1c            245
    -1.299750168         6.175729455        -2.679869195    
     2.120313098         5.628688310        -5.530640818    
    -5357.449558         6311.169459        -32771.42053    
Hc             246
    -1.664275469         6.873408784        -3.280324327    
     13.85455715         8.861023650        -29.50825005    
     12294.02429        -16799.14043         16552.62179    
Hc             247
    -1.084004668         6.579105022         3.039443173    
    -28.04935817         19.57352982         45.38159523    
    -5357.820440        -2100.064372         18731.71125    
O1s            248
    -1.301533524         6.166133558        -2.691776757    
    -9.191820369         30.23260099         5.829961965    
     11.49109999         12745.44574         1631.148590    
O1c            249
     3.599288130         7.811446028         2.081403622    
   -0.5753147230        -1.748961327        -5.831849186    
    -21473.38319         5500.267012        -26778.55938    
Hc             250
     2.956500112         7.084559920         2.123280988    
     20.42065944         5.920286747        -43.54173825    
     16426.62978         19901.80293        -1580.518422    
Hc             251
     2.671803898         7.801662867         1.996082348    
     37.75822424        -10.30300804         73.60179628    
     714.4128892        -6025.927790         1317.519579    
O1s            252
     3.599183419         7.833098978         2.073482568    
     25.84391467         6.047995798         31.47259573    
     5092.835623        -16882.27350         28327.78352    
O1c            253
     3.264190994        -1.847334643       -0.1722067093    
    -9.961099520        -11.05104362         12.16149742    
    -15331.62854         4554.610125        -16427.98871    
Hc             254
     2.498022890        -1.932251500        0.3606486544    
     10.52395354        -35.21559122        -41.01634578    
     7636.960391         341.1231683        -9025.762055    
Hc             255
     2.943516769        -2.235872582       -0.9516596535    
     28.08536936        -1.072604457         13.51117623    
    -2144.624677        -1666.009856         978.6201190    
O1s            256
     3.270631329        -1.841318507       -0.1784539100    
     18.27997372        -37.47437856         24.75038089    
     10600.17932        -1888.251110         20031.35257    
O1c            257
    -5.952348748         8.397983577       -0.6048534361    
    -4.101867171         8.547170577         3.106203423    
     59086.01152         13959.06013        -15277.30425    
Hc             258
    -6.718785828         8.685550283       -0.4203073243    
    -28.92264625        -47.80144000        -27.03885886    
    -32616.75380         7817.911937         7681.100233    
Hc             259
    -6.325104720         7.632943992       -0.8094217996    
    -14.03530549         42.10836277         44.56104122    
    -8208.456689        -12372.33680        -50.37933372    
O1s            260
    -5.909227471         8.410722550       -0.6165452144    
     3.106754792        -1.058255658         13.23336004    
    -14299.06033        -8618.585465         6872.818425    
O1c            261
    -5.409342195        -1.789206433         2.224019805    
     2.987332501        -5.177193902        -6.328839397    
    -11828.29373         359.1414168        -159.5253326    
Hc             262
    -6.024415431        -2.490340786         1.923304304    
     37.57878778        -12.91882284        -8.478981073    
     15296.57850         21378.23782         8214.834901    
Hc             263
    -6.058181971        -1.945906328         1.608335802    
    -4.993047914        -43.93473153         67.84706070    
    -6270.577385        -6821.404563        -4458.557972    
O1s            264
    -5.410538346        -1.777688034         2.231563139    
     3.467623546         2.483760314         36.84763980    
     1111.536175        -9661.992207        -2534.645905    
O1c            265
     5.572052044         1.175919604         2.184049707    
     8.873930645         5.203767457        -1.807412908    
     12225.61005         4332.391230        -10052.47708    
Hc             266
     6.422877683         1.214919268         2.665534836    
    -8.211004535         6.837728457         1.010503695    
    -18770.40378         1470.411286        -13665.89464    
Hc             267
     6.037807198         1.870140676         1.681239653    
    -29.01890797        -4.401505766         12.40472937    
    -9834.005768        -16722.61724         16925.31782    
O1s            268
     5.565562389         1.167177929         2.177999358    
   -0.1417889093E-02     5.946743177       -0.9720403373    
     20578.15667         13337.17429         9242.503824    
O1c            269
     5.409801440        -7.889837723        -1.147361447    
    -2.428244620         5.698629199        -2.469382686    
     8148.574414         1828.401025        -2951.023330    
Hc             270
     6.187087336        -7.380425375        -1.113346842    
    -60.73463457         35.84483249        -29.81622454    
    -7911.401572        -254.4044369        -46.99833593    
Hc             271
     4.793996228        -7.258459703       -0.9201062921    
     42.46932527         8.623269099        -8.342577769    
     1379.001204         11161.58656        -2821.112817    
O1s            272
     5.407798587        -7.907974040        -1.147383834    
    -3.247160854        -5.156533624       -0.3440451858    
    -2860.397478        -8895.578884         3270.053955    
O1c            273
    -2.896686361         1.622555728        -1.239949905    
     6.704113591         8.467486212        -2.905170836    
    -14094.17376         21065.91683        -11880.35898    
Hc             274
    -3.056244145         2.615060243        -1.250931546    
    -29.80516213        -10.05963447        -23.83094359    
     5324.510211        -36199.97767         283.2233022    
Hc             275
    -3.157028209         2.136220987        -2.028385384    
     18.87841849         13.20481900         16.02902518    
     7883.487868        -9809.392461         24284.40269    
O1s            276
    -2.907446128         1.618516842        -1.244763495    
     5.837082767         3.692865853         4.857598885    
    -1563.566979         16123.84686        -7443.308044    
O1c            277
    -3.605635310        -7.605733098         2.574375790    
     1.895768407         12.98810807        -2.350308811    
    -3691.191094        -16981.98658        -9813.834834    
Hc             278
    -2.748757898        -7.326939528         2.722044622    
    -22.26199111        -24.83195862         3.050850848    
    -1326.742723         3770.074841        -1283.106142    
Hc             279
    -3.624182717        -7.133023385         1.780405029    
    -50.80735826        -27.20609446         18.22826494    
     2384.154429         2621.251345         4919.269355    
O1s            280
    -3.617431478        -7.627825320         2.575214096    
    -19.43111752         25.01938831         24.64698895    
     2349.663197         10059.67514         5076.708047    
