A DL_Poly CONFIG file generated from a gulp output file.                        
 ENERGY UNITS = electron Volts 
       100  1.000000E-02        44
 -4.740333E+03  1.381817E+03 -4.773019E+03  1.058039E+03 -5.655699E+03
 -1.963330E+02  9.867798E-01  0.000000E+00  0.000000E+00 -4.782631E+03
  0.000000E+00  1.922662E+02 -5.567116E+03  5.641770E+03  7.763942E+01
 -3.308579E-05  0.000000E+00  0.000000E+00  2.192643E+03  1.011082E+03
  1.998661E+01  3.997321E+01  9.000000E+01  9.000000E+01  9.000000E+01
  0.000000E+00 -3.049552E+01  6.328523E-03  6.596584E-03  1.417403E-02
  1.375857E-02  1.187554E-02  1.516760E-02  2.275204E-01  1.490077E-02
 -3.281206E+01 -1.383613E+00  5.372969E+00 -1.383613E+00 -6.597661E+01
  8.600693E-02  5.372969E+00  8.600693E-02  7.302115E+00
A DL_Poly CONFIG file generated from a gulp output file.                        
 ENERGY UNITS = electron Volts 
       100  1.000000E-02        44
 -4.740333E+03  1.381817E+03 -4.773019E+03  1.058039E+03 -5.655699E+03
 -1.963330E+02  9.867798E-01  0.000000E+00  0.000000E+00 -4.782631E+03
  0.000000E+00  1.922662E+02 -5.567116E+03  5.641770E+03  7.763942E+01
 -3.308579E-05  0.000000E+00  0.000000E+00  2.192643E+03  1.011082E+03
  1.998661E+01  3.997321E+01  9.000000E+01  9.000000E+01  9.000000E+01
  0.000000E+00 -3.049552E+01  6.328523E-03  6.596584E-03  1.417403E-02
  1.375857E-02  1.187554E-02  1.516760E-02  2.275204E-01  1.490077E-02
 -3.281206E+01 -1.383613E+00  5.372969E+00 -1.383613E+00 -6.597661E+01
  8.600693E-02  5.372969E+00  8.600693E-02  7.302115E+00
       200  2.000000E-02        44
 -4.740158E+03  2.168572E+03 -4.791455E+03  1.068738E+03 -5.690645E+03
 -1.961623E+02  1.455179E+00  0.000000E+00  0.000000E+00 -4.774344E+03
  0.000000E+00  2.051528E+02 -5.594126E+03  5.676768E+03  7.219322E+01
 -4.887010E-05  0.000000E+00  0.000000E+00  2.192643E+03  2.346626E+03
  2.515895E+01  5.031790E+01  9.000000E+01  9.000000E+01  9.000000E+01
  0.000000E+00 -2.464738E+01  1.426857E-02  1.507041E-02  3.213277E-02
  4.683806E-02  2.634984E-02  5.571930E-02  8.186091E-01  5.569520E-02
 -3.767405E+01  5.848813E-01  5.853219E-01  5.848813E-01 -2.425653E+01
  2.655021E+00  5.853219E-01  2.655021E+00 -1.201157E+01
       300  3.000000E-02        44
 -4.739892E+03  2.661379E+03 -4.802846E+03  1.106371E+03 -5.741235E+03
 -1.960839E+02  1.753195E+00  0.000000E+00  0.000000E+00 -4.741913E+03
  0.000000E+00  1.319711E+02 -5.719605E+03  5.727349E+03  7.152857E+01
 -5.857416E-05  0.000000E+00  0.000000E+00  2.192643E+03  3.491355E+03
  2.634912E+01  5.269824E+01  9.000000E+01  9.000000E+01  9.000000E+01
  0.000000E+00 -1.457033E+00  2.502277E-02  2.689884E-02  4.533214E-02
  8.089694E-02  4.207271E-02  1.146170E-01  1.532880E+00  1.142265E-01
 -7.669346E+00  1.509887E+00 -1.138222E+01  1.509887E+00  1.905635E+01
  1.206575E+01 -1.138222E+01  1.206575E+01 -1.575811E+01
       400  4.000000E-02        44
 -4.739809E+03  2.895388E+03 -4.808299E+03  1.156579E+03 -5.820427E+03
 -1.960968E+02  1.812279E+00  0.000000E+00  0.000000E+00 -4.718222E+03
  0.000000E+00  7.221780E+01 -5.905557E+03  5.806588E+03  7.151983E+01
 -5.950929E-05  0.000000E+00  0.000000E+00  2.192643E+03  4.146747E+03
  4.983373E+01  9.966747E+01  9.000000E+01  9.000000E+01  9.000000E+01
  0.000000E+00  1.556374E+01  3.099371E-02  2.886250E-02  5.936731E-02
  1.031141E-01  5.947096E-02  1.868908E-01  1.946330E+00  1.843646E-01
  8.244799E+00 -1.813376E+00  3.590516E+00 -1.813376E+00  2.334762E+01
  4.401842E-01  3.590516E+00  4.401842E-01  1.509879E+01
       500  5.000000E-02        44
 -4.739978E+03  2.547366E+03 -4.800235E+03  1.181401E+03 -5.861646E+03
 -1.964836E+02  2.449380E+00  0.000000E+00  0.000000E+00 -4.715981E+03
  0.000000E+00  4.852244E+01 -5.999254E+03  5.847784E+03  5.190565E+01
 -8.010487E-05  0.000000E+00  0.000000E+00  2.192643E+03  3.520118E+03
  7.404379E+01  1.480876E+02  9.000000E+01  9.000000E+01  9.000000E+01
  0.000000E+00  1.730143E+01  3.501931E-02  2.940693E-02  7.580401E-02
  1.119248E-01  7.738370E-02  2.644910E-01  1.928541E+00  2.570255E-01
  1.538466E+01 -3.714545E+00  1.289083E+01 -3.714545E+00  4.756742E+00
 -5.466637E-01  1.289083E+01 -5.466637E-01  3.176290E+01
